   1          1        832
         1          1       3618
         1          1       4315
         1          2        642
         1          2       1286
         1          2       3658
         1          2       4216
         1          3       2737
         1          3       6790
         1          3       9334
         1          4        378
         1          4        563
         1          5        493
         1          5       2481
         1          5       7898
         1          6       2598
         1          6       6915
         1          7        616
         1          7       6220
         1          7       8994
         2          8       1021
         2          8       7897
         2          9       7681
         2         10        585
         2         10       2523
         2         10       8367
         2         11       2156
         2         11       3300
         2         11       3873
         2         12       5314
         2         12       7626
         2         13        381
         2         13       2319
         2         14       5419
         2         14       7026
         2         14       7790
         2         15       1294
         2         15       2788
         2         15       5565
         2         15       5705
         2         15       5762
         2         16       4871
         2         16       8329
         2         16       9424
         3         17       5082
         3         17       6663
         3         17       8432
         3         18        884
         3         18       3264
         3         18       5082
         3         19       4127
         3         19       6628
         3         19       6918
         3         19       7460
         3         19       8227
         3         20       1091
         3         20       4851
         3         20       6234
         3         21       3462
         3         21       3679
         3         22       4701
         3         22       8388
         3         23       5668
         4         24       1189
         4         24       3288
         4         24       6579
         4         24       9870
         4         25       3618
         4         25       5547
         4         25       5622
         4         25       5641
         4         25       7308
         4         26        401
         4         26       1797
         4         26       1934
         4         26       6245
         4         26       9530
         4         27        969
         4         27       6761
         4         27       8974
         4         27       9907
         4         28       5916
         4         28       6265
         4         28       6422
         4         28       6965
         4         28       9088
         4         28       9723
         4         29       1775
         4         29       2404
         4         29       7843
         4         30       2004
         4         30       3858
         4         30       4716
         4         30       8935
         4         31       1865
         4         31       1910
         4         31       4580
         4         31       6200
         4         31       7523
         4         32        795
         4         32       4095
         4         32       4294
         4         32       6701
         4         33       2257
         4         33       5144
         4         33       6432
         4         33       7460
         4         33       8393
         4         34       2143
         4         34       4907
         4         34       6347
         4         34       6417
         4         35        912
         4         35       3567
         4         35       8618
         4         35       9242
         4         36       1677
         4         36       3157
         4         36       6126
         4         36       6408
         4         37       2601
         4         37       7667
         4         37       8143
         4         38       4642
         4         38       8315
         4         38       8977
         4         38       9334
         4         38       9389
         4         39        155
         4         39       2443
         4         39       5542
         4         39       5898
         5         40         13
         5         40       3090
         5         40       4344
         5         40       4461
         5         40       6393
         5         40       7668
         5         41       7599
         5         41       7790
         5         41       8654
         5         42       1153
         5         42       7396
         5         42       8060
         5         42       9983
         5         43       1182
         5         43       2347
         5         43       8698
         5         44        136
         5         44       3306
         5         44       4674
         5         44       5445
         5         45       1189
         5         45       2686
         5         45       3125
         5         46       6226
         5         46       6500
         5         46       6503
         5         47       3514
         5         47       7523
         5         48       3408
         5         48       4934
         5         48       7661
         6         49       7583
         6         50       3741
         6         51       4942
         6         52       2423
         7         53       1663
         7         53       1948
         7         53       3830
         7         53       6409
         7         53       9203
         7         54       4884
         7         54       6454
         7         54       7609
         7         54       8422
         7         55       2832
         7         55       2964
         7         55       3332
         7         55       5009
         7         56       2651
         7         56       2784
         7         56       2999
         7         56       4092
         7         57        388
         7         57       2454
         7         57       3322
         7         57       4449
         7         57       4544
         7         58        130
         7         58        608
         7         58       1379
         7         58       9027
         7         59        847
         7         59       4774
         7         59       4827
         7         60        560
         7         60        810
         7         60       3288
         7         60       9124
         7         60       9863
         7         61       1828
         7         61       2847
         7         62        991
         7         62       4112
         7         62       6904
         7         62       7058
         7         63        849
         7         63       1726
         7         63       6484
         8         64       3128
         8         64       3841
         8         64       7452
         8         65       4113
         8         66       1211
         8         66       2311
         8         66       3252
         8         66       8654
         8         67        426
         8         67        799
         8         67       4263
         8         68       7133
         8         68       8353
         8         69       1646
         8         69       1717
         8         69       2406
         8         69       5494
         8         69       9354
         8         70       1666
         8         70       5634
         8         70       7576
         8         70       7704
         8         71       5963
         8         71       7425
         9         72        729
         9         72       2671
         9         72       6434
         9         72       7563
         9         72       8292
         9         73        468
         9         73       5199
         9         73       7068
         9         74       3322
         9         74       5362
         9         74       7287
         9         75       7460
         9         76       1446
         9         76       5565
         9         76       9170
         9         76       9632
         9         77       3995
         9         77       6097
         9         77       8734
         9         77       9153
         9         78       1270
         9         78       1761
         9         78       1817
         9         78       4256
         9         78       7355
        10         79       1100
        10         79       3100
        10         80        996
        10         80       7114
        10         80       7700
        10         81       9558
        10         82       2321
        10         82       4965
        10         82       7011
        10         83       8131
        10         84       3218
        10         85       6952
        10         86       1125
        10         86       1674
        10         86       3309
        10         86       5004
        10         87       1926
        10         87       9459
        10         88        665
        10         89       4704
        10         89       5667
        10         89       6416
        10         90       3797
        10         90       6794