832 3618 4315 ,642 1286 3658 4216 ,2737 6790 9334 ,378 563 ,493 2481 7898 ,2598 6915 ,616 6220 8994 ,
1021 7897 ,7681 ,585 2523 8367 ,2156 3300 3873 ,5314 7626 ,381 2319 ,5419 7026 7790 ,1294 2788 5565 5705 5762 ,4871 8329 9424 ,
5082 6663 8432 ,884 3264 5082 ,4127 6628 6918 7460 8227 ,1091 4851 6234 ,3462 3679 ,4701 8388 ,5668 ,
1189 3288 6579 9870 ,3618 5547 5622 5641 7308 ,401 1797 1934 6245 9530 ,969 6761 8974 9907 ,5916 6265 6422 6965 9088 9723 ,1775 2404 7843 ,2004 3858 4716 8935 ,1865 1910 4580 6200 7523 ,795 4095 4294 6701 ,2257 5144 6432 7460 8393 ,2143 4907 6347 6417 ,912 3567 8618 9242 ,1677 3157 6126 6408 ,2601 7667 8143 ,4642 8315 8977 9334 9389 ,155 2443 5542 5898 ,
13 3090 4344 4461 6393 7668 ,7599 7790 8654 ,1153 7396 8060 9983 ,1182 2347 8698 ,136 3306 4674 5445 ,1189 2686 3125 ,6226 6500 6503 ,3514 7523 ,3408 4934 7661 ,
7583 ,3741 ,4942 ,2423 ,
1663 1948 3830 6409 9203 ,4884 6454 7609 8422 ,2832 2964 3332 5009 ,2651 2784 2999 4092 ,388 2454 3322 4449 4544 ,130 608 1379 9027 ,847 4774 4827 ,560 810 3288 9124 9863 ,1828 2847 ,991 4112 6904 7058 ,849 1726 6484 ,
3128 3841 7452 ,4113 ,1211 2311 3252 8654 ,426 799 4263 ,7133 8353 ,1646 1717 2406 5494 9354 ,1666 5634 7576 7704 ,5963 7425 ,
729 2671 6434 7563 8292 ,468 5199 7068 ,3322 5362 7287 ,7460 ,1446 5565 9170 9632 ,3995 6097 8734 9153 ,1270 1761 1817 4256 7355 ,
1100 3100 ,996 7114 7700 ,9558 ,2321 4965 7011 ,8131 ,3218 ,6952 ,1125 1674 3309 5004 ,1926 9459 ,665 ,4704 5667 6416 ,3797 6794 ,
